+---------+-----------------+---------+---------+---------+
| Field 1 |     Field 2     | Field 3 | Field 4 | Field 5 |
+---------+-----------------+---------+---------+---------+
|    12   |        be       |    5    |   161   |    4    |
|    75   |    modulation   |   114   |   5814  |    5    |
|    33   |       AMCW      |   140   |   1262  |    6    |
|   191   |     analysed    |    73   |  36745  |    7    |
|   213   |       will      |    52   |  45634  |    8    |
|   146   |       step      |    56   |  21518  |    9    |
|   108   |    controller   |   122   |  11894  |    11   |
|    47   |   intermediate  |   111   |   2367  |    12   |
|    6    |       and       |    16   |    58   |    13   |
|    15   |     explore     |    88   |   328   |    14   |
|   144   |      first      |    67   |  20947  |    16   |
|    90   |        In       |    47   |   8237  |    18   |
|   110   |      order      |    55   |  12265  |    19   |
|    58   |       this      |    52   |   3474  |    20   |
|   170   |      period     |    61   |  29131  |    21   |
|   122   |     process     |    88   |  15094  |    22   |
|   202   |       But       |    66   |  41072  |    23   |
|    34   |       ToF       |    90   |   1280  |    24   |
|    42   |    frequency    |   105   |   1911  |    27   |
|   118   |       not       |    46   |  14088  |    29   |
|   167   |      within     |    77   |  28133  |    30   |
|    87   |      other      |    61   |   7717  |    33   |
|    2    |       high      |    28   |    34   |    34   |
|   115   |       but       |    40   |  13380  |    35   |
|    8    |     quality     |    98   |   170   |    36   |
|    73   |  aforementioned |   130   |   5532  |    37   |
|    18   |      large      |    38   |   380   |    41   |
|   129   |     periodic    |    71   |  16841  |    42   |
|   209   |      random     |    59   |  43949  |    43   |
|   121   | straightforward |   172   |  14934  |    44   |
|   124   |     Chapter     |    90   |  15590  |    47   |
|    66   |      jitter     |    76   |   4498  |    48   |
|    74   |       two       |    55   |   5605  |    49   |
|   165   |   correlation   |   119   |  27509  |    50   |
|   161   |        so       |    32   |  26114  |    52   |
|   157   |      second     |    54   |  24860  |    54   |
|    35   |     cameras     |    53   |   1313  |    57   |
|    1    |       The       |    56   |    58   |    58   |
|   192   |       with      |    56   |  37112  |    60   |
|   113   |     maximum     |    87   |  12969  |    61   |
|   198   |      during     |    67   |  39469  |    62   |
|    30   |      source     |    75   |   1005  |    63   |
|   215   |    difficult    |    81   |  46521  |    64   |
|   133   |   measurements  |   141   |  17963  |    65   |
|    3    |       AbB       |    54   |    66   |    66   |
|   197   |      steps      |    74   |  39080  |    67   |
|   126   |    influence    |    80   |  16082  |    68   |
|    38   |        a        |    0    |   1482  |    69   |
|    13   |       used      |    45   |   227   |    70   |
|    39   |     suitable    |    81   |   1641  |    71   |
|    82   |        as       |    18   |   6824  |    73   |
|    52   |     Nyquist     |   144   |   2900  |    74   |
|   134   |       was       |    40   |  18130  |    75   |
|    50   |       than      |    39   |   2589  |    77   |
|    57   |       Also      |    69   |   3375  |    78   |
|   141   |      amount     |    78   |  20100  |    79   |
|    4    |      sample     |    60   |    80   |    80   |
|    98   |       DSP       |   114   |   9816  |    82   |
|   154   |     proceeds    |    77   |  23947  |    83   |
|    60   |       may       |    36   |   3696  |    85   |
|    14   |        to       |    33   |   243   |    86   |
|    10   |       SDRs      |   134   |   244   |    87   |
|    5    |      rates      |    58   |    88   |    88   |
|   152   |      before     |    45   |  23301  |    89   |
|   166   |     function    |    94   |  27816  |    90   |
|   137   |        we       |    26   |  18932  |    92   |
|   203   |        if       |    13   |  41425  |    93   |
|   184   |      fixed      |    43   |  34083  |    94   |
|    99   |      engine     |    48   |   9948  |    95   |
|    80   |     imaging     |    53   |   6533  |    96   |
|   210   |    behaviour    |    92   |  44402  |    97   |
|    94   |     possible    |    89   |   9019  |    98   |
|   103   |      which      |    46   |  10758  |    99   |
|    36   |        by       |    25   |   1357  |   101   |
|    21   |   frequencies   |   111   |   573   |   102   |
|    56   |      dongle     |    51   |   3243  |   103   |
|   194   |   crosstalking  |   136   |  37966  |   104   |
|    92   |        it       |    27   |   8583  |   105   |
|    19   |      range      |    40   |   420   |   106   |
|    64   |       find      |    29   |   4189  |   107   |
|    40   |      local      |    38   |   1678  |   108   |
|    9    |        of       |    19   |   109   |   109   |
|    41   |    oscillator   |   114   |   1836  |   110   |
|    17   |    relatively   |   119   |   425   |   111   |
|    83   |       well      |    48   |   7020  |   112   |
|   104   |        is       |    26   |  10946  |   113   |
|   135   |   investigated  |   123   |  18483  |   114   |
|    96   |      modify     |    66   |   9378  |   115   |
|   195   |     between     |    67   |  38287  |   116   |
|    88   |     relevant    |    89   |   7921  |   118   |
|    91   |     addition    |    68   |   8440  |   119   |
|   169   |   integration   |   121   |  28851  |   120   |
|   107   |      based      |    26   |  11582  |   121   |
|   136   |       Can       |    41   |  18673  |   122   |
|    76   |      types      |    80   |   5932  |   123   |
|   190   |     further     |    89   |  36379  |   124   |
|    44   |       get       |    29   |   2009  |   125   |
|    89   |   applications  |   123   |   8133  |   126   |
|   186   |       then      |    43   |  34825  |   128   |
|   138   |    compensate   |   101   |  19283  |   129   |
|   145   |      phase      |    44   |  21214  |   132   |
|   114   |     benefit     |    54   |  13164  |   133   |
|   148   |   determining   |   107   |  22159  |   134   |
|   171   |       With      |    82   |  29494  |   135   |
|    29   |      light      |    51   |   921   |   136   |
|   106   |     software    |    99   |  11441  |   137   |
|    86   |       any       |    37   |   7519  |   140   |
|   178   |       each      |    13   |  31875  |   141   |
|   150   |    correcting   |   102   |  22752  |   144   |
|    16   |       the       |    30   |   302   |   145   |
|    49   |       less      |    51   |   2501  |   146   |
|    11   |       can       |    15   |   147   |   147   |
|   218   |       for       |    36   |  47778  |   148   |
|    27   |        in       |    21   |   777   |   149   |
|   131   |        on       |    27   |  17319  |   150   |
|    26   |        RJ       |    78   |   780   |   152   |
|    59   |     concept     |    69   |   3609  |   155   |
|   182   |     constant    |    98   |  33404  |   156   |
+---------+-----------------+---------+---------+---------+